Scatterer_atmosphere
{
	Atmo
	{
		name = Earth
		experimentalAtmoScale = 0.300000012
		cloudColorMultiplier = 0.899999976
		cloudScatteringMultiplier = 0.699999988
		cloudSkyIrradianceMultiplier = 15.5
		volumetricsColorMultiplier = 1
		Rg = 6371000
		Rt = 6460600
		RL = 6462100
		atmosphereGlobalScale = 1
		EVEIntegration_preserveCloudColors = True
		HR = 8
		HM = 1.33299994
		BETA_MSca = 0.00400000019,0.00400000019,0.00400000019
		m_betaR = 0.00579999993,0.0135000004,0.0331000015
		m_mieG = 0.360000014
		rimBlend = 100
		rimpower = 500
		specR = 65
		specG = 65
		specB = 65
		shininess = 50
		assetPath = RVE/Textures/ScatterTextures/Earth
		configPoints
		{
			Item
			{
				altitude = 1
				skyExposure = 0.180000007
				skyAlpha = 1
				skyExtinctionTint = 1
				scatteringExposure = 0.229431003
				extinctionThickness = 1
				postProcessAlpha = 1
				postProcessDepth = 0.0399999991
				extinctionTint = 0.5
				openglThreshold = 10
				viewdirOffset = 0
			}
			Item
			{
				altitude = 48000
				skyExposure = 0.200000003
				skyAlpha = 1
				skyExtinctionTint = 1
				scatteringExposure = 0.300000012
				extinctionThickness = 1.70000005
				postProcessAlpha = 1
				postProcessDepth = 0.0299999993
				extinctionTint = 0.5
				openglThreshold = 10
				viewdirOffset = 0
			}
			Item
			{
				altitude = 140000
				skyExposure = 0.150000006
				skyAlpha = 1
				skyExtinctionTint = 1
				scatteringExposure = 0.200000003
				extinctionThickness = 1
				postProcessAlpha = 1
				postProcessDepth = 0.400000006
				extinctionTint = 2
				openglThreshold = 0
				viewdirOffset = 9.99999975E-05
			}
		}
	}
}
